1
1   11    0    0  0.19538240e+02  0.24846369e+02 -0.60465937e+01  0.30378159e+03  10  10
2
1   11    0    0  0.19538240e+02  0.24846369e+02 -0.60465937e+01  0.30378159e+03  1  1
1   11    0    0  0.19538240e+02  0.24846369e+02 -0.60465937e+01  0.30378159e+03  10  10
3
1   11    0    0  0.19538240e+02  0.24846369e+02 -0.60465937e+01  0.30378159e+03  1  1
1   11    0    0  0.19538240e+02  0.24846369e+02 -0.60465937e+01  0.30378159e+03  10  10
1   11    0    0  0.19538240e+02  0.24846369e+02 -0.60465937e+01  0.30378159e+03  10  10
4
1   11    0    0  0.19538240e+02  0.24846369e+02 -0.60465937e+01  0.30378159e+03  1  1
1   11    0    0  0.19538240e+02  0.24846369e+02 -0.60465937e+01  0.30378159e+03  10  10
1   11    0    0  0.19538240e+02  0.24846369e+02 -0.60465937e+01  0.30378159e+03  1  1
1   11    0    0  0.19538240e+02  0.24846369e+02 -0.60465937e+01  0.30378159e+03  10  10
5
1   11    0    0  0.19538240e+02  0.24846369e+02 -0.60465937e+01  0.30378159e+03  1  1
1   11    0    0  0.19538240e+02  0.24846369e+02 -0.60465937e+01  0.30378159e+03  10  10
1   11    0    0  0.19538240e+02  0.24846369e+02 -0.60465937e+01  0.30378159e+03  1  1
1   11    0    0  0.19538240e+02  0.24846369e+02 -0.60465937e+01  0.30378159e+03  10  10
1   11    0    0  0.19538240e+02  0.24846369e+02 -0.60465937e+01  0.30378159e+03  10  10
6
1   11    0    0  0.19538240e+02  0.24846369e+02 -0.60465937e+01  0.30378159e+03  1  1
1   11    0    0  0.19538240e+02  0.24846369e+02 -0.60465937e+01  0.30378159e+03  10  10
1   11    0    0  0.19538240e+02  0.24846369e+02 -0.60465937e+01  0.30378159e+03  1  1
1   11    0    0  0.19538240e+02  0.24846369e+02 -0.60465937e+01  0.30378159e+03  10  10
1   11    0    0  0.19538240e+02  0.24846369e+02 -0.60465937e+01  0.30378159e+03  10  10
1   11    0    0  0.19538240e+02  0.24846369e+02 -0.60465937e+01  0.30378159e+03  1  1
